4550
10208
5006
8638
12789
1454
8021
28189
24572
7017
29428
22543
2547
9049
4579
32320
6313
21666
16906
3334
19688
23412
29479
6200
506
8579
13679
18243
31083
31415
888
1914
5137
2596
25430
14510
7242
29500
8965
2047
1413
11075
13319
27889
17668
32516
27213
31939
10208
8387
8795
2044
19021
21106
4776
13894
5151
40
19523
5247
24205
24270
11964
18702
10037
25372
21314
25203
29793
9412
13065
29730
20105
492
3311
30098
29465
5858
20062
6033
9331
24075
884
986
15160
3101
4705
15081
23748
31886
17937
1038
31479
16973
27660
9153
315
12463
2458
19509
21186
28844
27690
31792
32272
30283
6388
16409
18874
27227
24542
2387
32365
23652
5532
4041
4657
20701
14620
29130
6383
32671
2081
1560
7729
22170
18222
5179
19498
5319
16549
26395
1014
4445
16176
28110
19235
840
1888
24239
12911
23767
5268
4272
6611
4021
7453
32497
30145
19738
8607
10897
31147
5698
3002
20164
19396
12575
8170
6949
9738
21835
18092
26702
2180
9536
28899
6822
24776
18379
7033
10107
19137
13758
13897
28753
20143
4070
29245
26745
16495
4412
15027
14565
9213
29023
24102
22074
15159
19266
10762
15655
8420
23586
32247
18678
5364
11964
6666
22624
24073
1724
11401
13478
25655
8312
25285
28381
26888
6366
325
10121
196
4523
18208
29806
12527
26079
8363
22691
22546
621
27988
744
17087
14134
23758
17977
4559
5176
10095
164
21998
9987
9686
25687
1114
11373
3024
22269
10471
2695
19069
23371
31047
9936
23982
14549
11656
27816
2194
22055
16862
6151
17810
30993
1443
6254
28025
24898
7068
8222
23000
28952
20350
13193
1705
22711
25776
19718
30514
30553
16979
26824
25132
26341
8320
3345
26917
26050
6864
8867
24355
4845
19490
12664
25226
12361
22424
21938
20031
24375
739
213
17934
2919
17857
23348
25161
30702
29379
22953
16050
8856
23892
23433
28827
29055
8439
25815
10316
24284
28112
18616
421
5918
32358
22567
18437
15673
6823
26858
12650
18753
19501
18629
21721
13623
10175
28909
24576
27683
20507
3519
20506
12130
5618
11954
12819
26178
22837
12939
11756
3020
3983
17360
24930
12001
5171
31102
19914
14473
9431
28670
23872
27783
12288
28246
17152
22577
22657
27549
15124
9086
21054
2225
27952
30817
31798
21036
30426
29781
23489
24211
24781
22585
23829
7377
928
27231
32015
26340
8099
16096
16433
11479
11274
23090
6887
19440
8525
25084
12046
26154
17102
20520
694
19941
11197
23610
5159
23005
9016
3809
28451
13657
31671
13260
10091
165
424
7615
23685
21953
15702
28902
10939
1371
3087
26473
11623
8187
21638
17472
30318
8062
23158
26697
7947
17605
30088
15768
21966
32174
12151
27918
3556
26435
3442
4653
13208
16434
2242
24874
2586
24446
31404
29508
5759
883
32665
11605
15370
3295
5492
29863
28074
31359
31060
9736
6339
14520
2139
801
11569
6535
10206
2563
26251
2235
30917
27395
15012
20578
23093
4296
4440
385
32621
28322
10629
21768
7406
2333
20311
6404
28895
27863
18377
32279
10927
1934
5480
22821
30204
6013
31322
11601
11444
9449
23456
4648
29818
14839
27032
18971
19275
19648
12742
7475
18273
4007
32211
19456
3671
7147
9174
11987
18319
10872
11219
21805
3537
20227
28289
14710
9268
26965
4433
23794
29250
16615
939
24562
2903
32432
24955
27207
17738
31035
24300
30716
8783
1788
8563
24133
4636
19172
10768
7346
20043
12083
13521
20136
22016
654
12695
20754
19659
27473
14876
28756
16592
9510
10549
12928
7205
15575
14165
4557
17787
15968
16467
15173
13313
2377
5741
9661
31365
16178
1676
5386
3548
176
29130
23922
19077
27735
8241
31585
32137
5144
12485
21341
29861
23758
19141
11836
22955
31763
29743
17813
23846
2136
12674
29812
29757
20277
21191
24658
11738
26109
4562
11844
25355
10390
26054
6258
18088
6791
12247
30667
6198
24147
9556
5623
32267
14086
6884
23437
19123
18445
5392
11911
12691
1866
16897
5363
11980
5480
16523
28651
9826
28780
22635
25286
32414
13453
1997
14992
14768
24390
2578
27064
21145
18601
15311
27657
24904
18166
25
9947
18947
12396
2816
6539
31753
12127
13657
29224
886
7307
15809
23151
29286
21416
6878
4346
25949
13887
17128
8884
9959
20667
3176
22672
13947
21955
3136
11643
13989
25543
5356
24719
1637
18649
15111
30601
2514
14527
785
17789
26114
10566
7279
18888
13358
18649
19891
31559
28690
17233
30238
21446
9619
18703
18531
12219
8612
3144
8878
22069
10858
10401
10213
15631
670
10492
32302
23913
15412
8081
22193
11352
7738
1088
8863
3037
8706
19749
6515
18452
19331
30062
29816
29870
24829
26217
907
16033
17884
30433
32546
1566
31967
29867
15245
21700
5497
27772
8572
1043
2168
9214
4034
10275
18404
31266
2648
4758
1578
8631
23205
459
30841
27196
1276
20564
6253
2802
14183
14507
10475
9270
5539
288
588
27406
1643
9238
27069
13058
26106
18543
30693
18989
16843
7749
21193
23443
419
29659
16109
19381
8657
5843
19388
17251
25268
21921
7978
23762
4479
13631
9368
9966
20025
12066
8952
29425
29448
2926
32305
8245
174
11110
10181
23110
13396
22566
689
32060
10887
27028
16021
5192
13184
22932
28180
9868
15528
6011
23678
17968
29531
12231
26284
5554
1260
7181
23340
14205
8170
20274
9631
23486
6818
20958
18782
24691
25317
814
28516
14276
6924
20905
2920
2199
2104
118
23625
15711
13791
19660
19375
30004
29316
1961
28912
2857
2501
30663
15152
10202
24475
6092
1741
4420
20702
1216
8698
11482
32007
12485
1193
26581
23866
11778
16303
31179
19588
9697
26402
13699
25953
20602
31750
23560
22657
79
6441
9724
8395
5689
26444
30511
14499
29090
7299
28784
13416
12533
2783
21411
26177
22099
585
28180
28442
9352
2481
32011
24809
18493
13161
16545
22070
8558
4299
12497
8922
16671
2338
2258
519
28491
6088
7332
25992
19742
13707
11498
19018
26468
29013
11511
13852
19776
31757
12075
17075
32545
11192
27520
23025
18930
14820
5216
1895
25233
16710
28090
792
21891
16034
23124
22911
7910
6379
21347
21716
32422
29868
32345
2956
23796
22182
21758
14367
21236
22970
5058
15885
11190
31754
25169
35
29032
18268
27241
27642
23242
22719
20712
24258
11490
2928
17706
18237
25840
19198
6801
10510
16036
20653
8293
25908
27279
20504
11231
27602
2264
22299
2176
15153
15408
25840
17063
20487
26887
31896
99
27386
29952
13949
23686
20320
6819
5461
30715
24393
9555
8777
13657
14527
10623
5207
21175
14412
3356
1781
21955
1213
29778
1015
32270
2086
26229
25778
12714
31270
16184
20066
6135
24428
16413
19913
22202
8826
22064
22041
9583
10665
26613
10004
10977
3694
16287
24178
22775
23003
25986
14467
15057
27241
32459
17429
26899
26356
1135
3480
6273
25351
26209
1408
30413
6234
28424
9707
18860
22937
31472
7044
1071
8807
22720
30119
18001
26787
25964
8646
31437
4842
14507
13835
1842
14429
30124
20286
16952
3492
5124
1514
9301
9011
13548
16059
26252
22731
22697
23083
902
10820
2123
1885
20195
14731
18330
15945
5842
14823
25422
9498
991
8320
28542
25812
11021
15905
2651
12602
1573
9789
14110
2031
17997
1840
25919
27355
13532
22472
30696
6608
5741
32260
25001
3950
17459
21275
10349
17732
28556
10432
26029
823
17368
13221
5859
15912
23179
32574
21058
18897
13697
20167
13220
25072
13202
3976
5572
20136
13159
16472
27565
10276
22667
29280
20082
32125
9925
18209
4896
25310
26534
4025
31985
10982
3678
29025
24514
20301
3540
13115
18119
19659
21749
6475
29566
30261
25931
28866
18657
746
14290
12675
30432
23661
25608
22752
31246
28499
15684
24996
17307
864
23112
32087
7554
24301
15129
29373
7939
14732
271
17824
17748
16879
27944
3023
1172
15110
6305
4967
25856
29800
7112
15953
105
8692
5900
14092
29670
22200
21078
25261
6598
10002
26268
13348
8136
13844
9651
17600
19855
12845
13412
22006
3920
1286
2755
8286
6350
15019
20156
5118
13448
25579
15599
28107
4912
30721
5054
18029
12128
31092
13475
32323
6537
25147
28615
10919
16428
6949
11729
26739
2124
632
27644
14275
18979
17880
15981
17661
1556
4971
19651
17167
26081
26171
31983
15096
24094
29148
16454
29834
997
29006
14036
23662
27340
23844
7412
2920
7956
19686
14110
21212
4131
1973
12287
29330
32564
2093
7375
23478
17998
30608
7135
9507
2930
25632
16753
5345
13337
14028
18125
25323
11486
11279
12177
6454
22903
21526
22857
13552
16617
24097
10559
27909
18940
13099
19605
16872
7149
9165
16016
14992
30564
11616
2359
29377
7077
6754
29725
24204
3082
538
5499
26393
18865
27519
31105
17572
21874
5975
21486
14790
3604
13724
28639
5110
16064
2595
20964
5455
29109
17536
16473
11156
23358
3876
9716
6257
28897
6600
666
28419
218
8975
24183
2715
24008
17766
29517
25279
29349
2863
12
24690
21243
3616
31396
6326
6997
9701
5143
4174
13812
27149
17106
27848
22468
2851
18237
14011
18831
18203
24209
4430
20847
31985
6122
2809
20617
9100
32669
27536
26872
10216
5323
9085
16392
30324
15670
16460
12453
13241
11092
2670
531
26685
27298
12342
30431
9127
1595
8744
18453
23331
32169
1139
24755
1800
31739
22972
27998
17337
1303
19229
5204
31177
3410
12654
27042
20834
12094
17347
29591
29927
29635
3893
21368
26328
24690
7142
26229
28406
16405
25407
29404
25256
22923
31612
13709
19614
2259
7275
25518
14260
28262
24944
29855
8473
10442
27853
18480
21936
19556
20512
32018
16054
3470
24109
2956
24998
20713
18910
30831
5977
5620
13960
13388
15986
28638
7536
31460
27897
153
11406
18144
25926
10800
657
11715
21025
27226
27683
14364
3623
5199
1645
2560
31344
23770
27358
28599
10350
27824
18472
8886
23320
27904
3212
23245
9032
16971
1368
32674
7010
26998
6062
3678
1591
11038
30342
1958
21801
6443
31222
31181
22927
2728
31666
31560
9563
2514
23759
10594
24314
26734
6348
32561
3195
28256
2514
6344
6644
22138
16955
13998
7969
3474
8018
5519
10319
26583
31065
28210
1656
16485
5329
12715
27312
14102
14581
21970
20671
155
3976
17907
32016
31948
12752
19399
4554
1853
1763
1187
32572
13842
22305
14064
21374
31508
14594
7131
11605
23300
15122
29005
22104
12079
28473
26654
18513
9538
15168
17030
8678
29024
4753
14036
20089
26226
32062
27234
25932
26814
4165
6344
1001
28348
15123
15184
10177
1060
3654
17578
19219
844
24503
17633
18703
30897
28600
2446
19772
25811
29594
3660
21015
20551
10611
20843
29437
26119
22813
24809
5450
2060
26242
13213
11459
4639
22807
8886
7985
16108
31911
5988
2895
25432
32594
16597
30438
29716
12501
26211
10295
2418
18188
10764
11929
21880
19381
20258
24163
16436
6006
22851
17420
7758
32290
6028
21137
13796
4152
28682
20759
1425
5548
32625
19410
463
9706
24849
3109
15488
281
13061
23563
10951
3740
10926
6325
32028
9439
19808
22645
15776
32336
8538
10202
10413
32683
27388
8733
29618
13179
18996
26811
30270
7902
19514
15972
26970
21384
17789
18708
12572
25354
2013
16256
25721
5972
18714
1459
1883
5241
19852
31993
10995
18355
11029
2812
26705
18343
14421
7213
26930
2538
31772
9573
29465
4547
12581
26828
10401
31795
12801
507
29969
3378
24913
32093
22065
8764
25144
32475
30812
11788
13584
15288
22743
8616
3164
19385
25185
26269
28158
5514
14347
20108
29867
23133
8778
7141
17819
9428
21067
2035
3717
7969
28550
27161
8138
5228
9110
25691
30449
8564
6216
14623
19795
22650
7154
11829
32535
23643
24582
8470
24161
14076
1510
12393
18119
28394
28154
7884
1285
8258
32001
21200
26353
7375
19364
6213
1969
22387
29777
1721
11307
7880
29510
12603
17341
27398
19692
869
24878
17192
28263
28569
16357
32074
31851
21130
10585
24150
1105
12286
20169
23775
17258
11475
27437
2893
30867
27200
16748
27963
29705
9822
19151
15389
22911
17895
10678
24358
18542
11069
13450
6761
24237
32430
11506
14654
18753
19446
30538
14311
22390
6405
26193
12403
17455
23043
28449
3811
10618
26258
22885
20620
21095
21587
16326
21180
24347
23211
29862
29856
28448
9159
7953
4197
17919
11997
9200
3998
7697
10165
12160
7910
7570
22377
29443
17606
8695
4713
27318
24537
21889
18369
16386
20525
17171
5535
7158
20461
23617
1807
32245
16189
9641
24330
27308
26470
32134
5295
1863
31027
12418
25808
29925
19099
20684
7344
73
6047
875
523
31186
19062
14290
31831
18861
3816
32180
25418
5193
13560
27929
5788
779
9925
21682
17166
1348
30130
8809
30891
7520
17093
14909
30286
3680
1613
12109
20068
32138
31432
4914
18675
23646
12035
20370
9948
11981
899
15858
10845
422
5924
29132
2265
9553
26368
26850
10716
191
9618
5585
22362
4257
3356
30953
17207
26328
12613
15164
1548
15917
5127
32757
31529
30275
456
24556
7638
3017
30919
17271
19423
24820
8122
3714
4431
27181
4022
21218
24955
4871
30030
31974
24898
28531
19711
11823
9876
3383
16076
15042
4401
31132
23845
31836
8371
20327
19213
28678
27599
24843
3452
20968
7384
21277
3074
11106
6020
15112
1198
1881
11251
5634
30510
16591
31469
11327
19255
8119
28524
13412
13864
14343
29018
19262
9194
16142
13723
5044
10010
19208
20302
4858
13418
12528
26192
7432
11588
29845
14082
25931
32177
32496
16205
1946
20858
3765
15587
7531
9357
5928
24775
13127
12961
306
23567
12923
2589
692
10729
4881
17974
27
15068
27134
13400
11317
25936
10141
26824
23107
16209
6748
1671
13903
17808
2486
15993
22463
29610
32097
18886
25131
12717
1224
25473
10348
15065
4795
1416
1525
24995
16741
27819
25191
21760
4735
10256
4959
19167
32708
14293
4242
13303
28581
32504
11805
23748
25149
3188
20758
8140
27271
32685
21095
3367
18383
3086
988
11070
13158
24561
2938
13523
13978
29375
2323
30786
7397
32344
14871
15366
22117
10165
4013
19582
24204
6860
27394
5873
31513
7603
29665
30161
26439
24329
15749
4668
16196
914
11691
32456
16356
14113
23019
28544
11927
17595
20295
13098
32153
31225
30725
20940
104
22958
5050
29806
17531
25034
30120
31264
25137
26750
32073
24127
23048
21665
32044
21493
21007
13651
1024
15103
18334
31968
15343
20915
2372
25319
21549
18497
3329
12731
10448
6457
30389
777
7394
19277
25305
12219
23220
89
18797
30493
28278
30112
3377
8510
28421
22872
2840
8346
10500
6506
15866
30453
46
3955
19081
24970
31466
11790
1926
4197
11296
4949
22069
27918
28492
9381
24334
13415
10961
6050
1717
26583
3215
3195
12076
22952
29879
7536
6472
22702
734
1937
31329
16170
31057
20680
6734
26861
27305
3865
3472
21697
26015
13609
24526
29956
4897
2045
17026
29590
31397
8709
5105
27894
24765
10073
21088
26279
29675
3906
20357
1241
15287
9980
14396
17221
32256
12730
17531
13657
3728
18923
9096
4501
15603
26556
30825
3125
21640
12510
31389
17680
25304
30089
3849
19648
14375
32449
27957
1283
22089
4568
9400
24673
16823
19764
5873
17679
26850
16978
14584
5908
5575
28939
12756
11690
7620
2070
10479
14311
17322
3791
22727
21660
19
23606
14821
24958
9206
32571
23059
17795
2424
31801
13258
14991
18181
960
6634
23120
6304
1687
2989
29286
29559
19201
1246
25544
30651
26432
7750
4451
13486
17752
4712
8708
29438
5141
31342
6519
31057
18767
22370
3313
32545
6509
15265
30379
16842
2088
10381
27856
28641
30354
29827
16281
24264
21078
19725
17078
15999
19009
10584
17905
16317
11265
16616
270
24640
20269
23178
30453
20833
12678
1930
5139
11499
10365
7975
3069
27693
19445
3652
14934
21838
32329
20320
2804
21217
13713
7880
11582
27065
27169
16139
5848
16639
20051
25007
6531
28801
13191
2082
4158
2381
16487
28915
26545
3199
23664
25922
1484
17495
29870
31350
21676
13199
32198
7214
29886
3819
22330
29305
23078
29969
29673
30793
22882
22683
27605
22053
26410
20587
23337
21791
3995
16958
12923
32262
26773
7044
23630
14556
866
3184
23515
138
8600
31051
18705
32467
12608
5645
19930
9351
21559
24622
2208
4601
30421
27322
30736
25522
14797
12452
21533
14183
13140
24924
30792
32041
19334
23459
17183
26844
14341
19103
3844
6122
23267
6442
10288
16185
2242
12144
25592
30042
31289
11961
15694
27907
27770
8067
6794
13247
13618
17876
8299
18660
19889
4046
13912
8389
6475
21124
8172
26666
27390
18700
20402
7165
3669
2518
22317
18758
22411
26171
6172
2394
32500
26713
6907
3662
19353
25375
11981
21426
20770
18596
13849
18300
17658
15037
17715
32579
11949
2510
30140
19886
30613
5600
4972
19499
7605
17908
1551
11492
3557
2455
7374
26863
26928
6327
7856
7876
14714
26037
17505
13557
22885
30139
32561
5401
4982
4944
12639
4873
15476
3882
15256
21584
19729
835
955
19420
16077
19503
22751
7674
12310
11436
22679
129
5044
20347
14709
27468
28516
7022
7884
11502
28099
3523
22970
14242
18286
3760
15206
14977
18280
29759
23687
23288
28348
10076
32294
8824
31587
7980
26532
29807
22119
9889
26110
8312
11593
8268
20560
25806
15009
15474
13720
29959
516
21857
6077
22783
810
26116
22480
14354
10320
20150
14225
25742
29660
23636
5173
15207
12608
17814
15974
11309
11552
4767
5004
32060
14519
8914
15435
8243
31863
17640
13388
10919
24047
5439
32577
18200
31986
5749
12067
12835
3062
14390
8126
6138
1978
16466
2928
26130
4652
18963
23854
25883
29833
20429
25543
12085
3270
29366
19053
22113
10799
29944
31345
20277
7502
6661
19022
29653
32526
24875
7657
13086
29472
20072
23575
16420
27038
13695
23904
21983
9198
15179
14339
25377
234
340
3385
13003
21565
12192
15294
25665
19728
20684
7054
18459
12263
13403
9964
29982
26565
19277
13481
10602
12951
13043
10147
19444
27855
25091
14220
8759
16464
11240
14061
3623
14986
3675
31338
26727
3558
32055
17735
19131
612
8329
24363
24256
22914
14567
14116
1243
10593
7684
14316
26479
29475
2945
12651
20051
30871
12293
31612
18051
5400
12943
13812
29205
7602
8715
18913
5231
3207
804
4111
11960
31601
28762
16593
16524
12777
84
4349
244
18984
26231
8249
9109
12683
439
7285
32295
2108
19885
16057
8745
9231
27114
1313
16083
15018
11148
20006
24397
30441
27919
14622
22814
32129
4197
28678
32487
9443
26440
16000
27473
25699
30159
6680
30788
16025
17215
32715
13914
11015
11556
19146
30867
17149
28833
26747
18506
13754
24069
3521
21863
18388
27294
20861
14039
25050
5330
20565
3897
29239
20075
15796
27098
9817
24883
1553
25572
16147
449
26229
30162
1088
1170
7479
28967
7082
26972
6154
1632
18218
12446
17211
26407
19984
12156
24115
22729
5572
21962
31043
19178
11694
6759
161
18040
21076
460
30893
18653
11202
29412
20345
24441
19247
19999
26505
5967
11229
31426
16343
5374
15169
24193
23834
26868
11364
29519
22600
29662
6793
28533
13914
28514
16144
13281
27983
28433
16026
29889
14963
28055
20846
20561
11745
14901
19228
18417
3911
23154
17760
20347
32745
13325
29256
26323
32233
4917
22937
29120
11461
24828
1392
16890
1825
7690
25125
1924
24007
30094
21876
6971
18412
31867
20703
22448
26805
28912
25422
29747
11769
3575
3577
5680
27721
18291
24711
3263
31789
596
8311
27254
15537
7437
32704
29057
7968
23624
9908
1525
8208
4056
5418
6754
20894
1007
7900
19112
23291
4753
1806
6411
4392
26952
32625
393
3325
22298
3654
22378
25200
14008
8134
8474
23828
18680
18114
26164
26080
4997
28807
9183
30258
6101
4100
23389
15379
30300
1071
28385
21437
20992
15780
16545
14939
1996
26511
18477
24079
3816
6093
4607
28473
5321
19022
23891
22263
10661
11198
19513
30440
4394
30564
23016
5686
2927
27722
2901
8147
10795
7582
3588
5634
1573
8792
14622
24346
26859
26653
9413
20358
16071
11619
19364
5393
25839
26327
27338
26465
10236
5115
5048
8640
1693
18196
9400
10787
3213
25667
7025
18788
22978
23538
30137
22739
10728
25713
5290
26861
28685
30433
22008
17771
23198
4946
22401
31359
21394
4136
6438
16218
20709
30915
28890
27121
2376
16223
1272
20481
24855
17976
16602
14672
9099
1010
30631
18231
23601
18233
10604
30045
25754
23973
7791
6085
31316
8672
19648
31243
28954
13578
15376
1002
21832
26460
23494
1794
4754
5132
32592
6616
29428
29809
29879
9247
2540
11880
26999
54
24552
8694
4493
22001
29178
14895
17617
4764
22995
17750
1670
8765
12783
6213
11056
19994
2573
271
4261
25723
32738
19685
7271
3505
20494
25910
29745
29271
29519
18458
9424
5848
7157
24561
11060
4146
10134
32327
5063
30201
22786
32252
9214
13726
28281
20641
16941
10993
26652
31524
3999
8677
4770
17840
26854
9619
10828
8911
16496
16514
10779
4562
1883
4646
6976
114
6282
23974
30932
28599
23033
30179
31689
24601
2125
10933
25377
18662
24752
7031
3165
7907
7387
4807
28729
11830
30068
20359
22422
19331
7835
24359
23736
8278
29376
27943
3249
5825
16311
11223
15645
10310
27150
14946
27152
5110
23198
11274
12365
16347
27232
5301
14265
18836
16514
16041
8719
2623
22202
28052
20948
4508
6107
21199
7566
23662
19622
5859
17201
18981
19170
7245
12250
5563
6831
24446
28607
21980
1559
6182
23142
18505
18150
32690
20246
27774
18107
24851
5516
12691
9568
21954
14062
15200
31063
21505
25349
740
32437
29283
13734
21992
10292
1166
28785
31199
18051
30016
31935
30225
14816
400
18901
18680
25065
14711
23390
3306
16303
27022
7192
20473
32269
21017
18637
8984
21560
20293
1925
9343
30358
22190
32506
2384
2516
28196
588
27258
19507
32687
9462
22749
26914
11984
19201
31920
11026
4874
2423
17440
32646
31649
27419
25914
361
8354
27991
14091
32165
25891
18806
9734
9713
3788
24083
18342
26090
5783
19665
20820
3686
30419
8269
30346
19205
6767
3665
29241
5641
20853
10827
16232
7783
28373
7165
17694
21533
29540
11893
31107
3783
27172
19264
16450
621
22982
13787
2097
30368
28525
7018
27700
29637
18101
19116
23391
23216
29428
10287
3162
6773
11712
12992
16394
30842
20145
11302
5997
7889
28775
14864
198
25797
26319
4939
32763
1459
27299
3384
22075
14876
7728
7550
19683
26359
20316
9212
10147
22348
6887
4354
477
13310
21745
15296
6989
11753
23229
31998
22511
3628
12724
25102
30493
8392
6061
3071
17912
11627
26731
3860
20746
29318
31847
26228
22826
22181
25808
20515
3999
17408
10449
9521
23944
25165
26642
562
14971
8921
1665
21486
22124
21207
17746
7257
6864
10232
27972
965
18179
31548
28199
2646
11239
9735
6043
28086
19151
13687
20250
5899
23451
26613
26425
9510
32292
10506
31786
26365
6874
32628
31110
23132
13995
8570
11593
727
15911
9084
3103
11523
3042
29902
2782
29158
11802
7879
12627
3755
12186
31252
19009
25754
26590
20050
21671
13640
5752
4061
6722
28427
19891
12258
3923
7601
28789
12988
24482
21362
18282
125
19651
7714
29022
9162
16792
23724
13035
27373
16151
2235
26965
7973
1613
18618
9394
17984
9123
24063
11598
8812
16225
17219
30797
25675
22384
3926
20370
17221
18020
28688
12512
28706
15290
20875
10303
5592
2397
1423
10658
23713
27247
32590
11718
9041
10055
30546
5725
25319
15030
2995
7532
28770
23695
12429
21490
4310
5478
1201
29642
5054
16279
24219
2258
26516
6539
9637
13645
23711
19766
19322
5510
2573
4324
31180
1719
2369
17718
18506
21800
31598
13415
3788
5531
3429
22228
10193
11752
28075
16572
14124
20709
26831
7492
18682
29064
8186
23230
23767
29008
3528
27690
12626
3552
19798
17405
25502
20974
22429
27682
14218
3419
11006
24383
7090
6307
4381
1849
15863
26488
30451
1274
17454
11946
2847
9586
32021
8522
5757
10203
7563
2319
17146
14658
24064
15864
17575
18755
3114
16691
6412
7188
25849
32574
20670
15813
19150
32076
5940
15045
11240
30186
27862
16809
11550
10466
18263
4649
27860
25184
3141
23915
29224
32083
6622
31621
7276
25878
21030
6717
9945
23120
23606
18706
5249
32537
4055
1665
6278
28254
16207
12929
20106
25222
21371
2640
22374
12117
28190
4465
11807
4881
1657
3062
18710
8932
13340
28155
23422
22146
7163
25715
19219
30475
13252
23335
11785
30003
20336
9211
25923
27296
11545
9075
9926
19092
29451
9847
3181
1483
21533
17747
31454
9639
20034
30722
29884
8842
14171
16300
11807
31107
3151
2413
29761
17710
13918
11864
15738
24021
15026
13500
30062
17627
2103
13989
22917
24411
22445
4518
31131
17420
20988
17366
12537
8296
28871
6681
11140
30989
19779
5025
19253
18787
20810
7860
457
18047
32427
4783
29370
18759
16581
2891
29037
9175
31828
2335
12205
26148
20874
31590
12376
21983
17506
5891
21080
7581
16177
7874
2005
30516
9085
225
3497
21864
23827
28111
14101
20679
11092
19507
8626
23505
5328
11824
26026
604
14614
11239
5671
14391
29897
18238
9740
31502
3063
15584
1252
19341
20135
26246
2071
16840
27569
4724
29796
16603
26067
29766
15243
3533
24320
4844
16970
19899
11771
22516
17035
12082
29221
9223
7644
17116
6548
3255
13343
18271
3428
10104
4739
27778
30802
1515
3763
20882
23430
18275
8781
17156
26033
25506
6805
31579
16472
4835
28779
27468
18288
30494
23674
19744
24362
27271
31667
1883
23568
5975
6138
8859
12625
15568
26910
22210
22873
17787
25103
29527
11429
4789
24139
10026
6870
8553
17306
27447
31236
27679
27643
5325
24660
11830
27614
21232
15309
27757
2195
6907
7271
26281
29443
18570
25701
22258
6814
29846
21221
8638
11412
18402
7350
23410
4936
19606
1897
18214
2562
810
15019
12968
6371
16006
15314
21444
3359
2920
18357
2755
16742
9989
32449
11826
19107
18675
5961
17381
23785
17478
2590
19259
31914
17402
28000
31906
20523
9873
29075
8798
9524
15612
13557
28295
32524
28863
24847
29265
16549
5457
18059
6801
18195
26817
27461
21884
2114
1951
16037
17841
2537
22554
26667
9850
17594
12390
25675
17742
18396
15457
25468
13467
12442
26229
8076
7107
19037
18368
6966
18532
27351
25458
32758
25821
24194
12663
3612
30734
31049
15447
21280
4703
8068
22106
6709
19459
23338
10735
19232
30846
20802
10574
11083
13156
11163
8541
13589
10852
19133
29648
31085
18566
21535
15509
16287
9905
28827
26223
22381
25968
20254
29409
20834
21493
16292
31053
4451
2143
31332
8541
28551
19768
26439
7330
23337
2114
31135
25467
13371
32371
29718
14649
20188
6462
10468
15232
21805
4372
2630
240
31585
8491
7979
2821
14868
10366
12336
3900
734
23573
16590
23416
8999
28294
10450
22947
18749
20668
25102
30360
24483
28663
24143
28737
12973
5396
31119
20220
5193
18703
23659
3652
29216
25286
25303
14477
4574
8703
23312
31343
26573
31661
12498
28935
15273
31599
22732
14235
4016
24154
4177
30844
32248
19192
17744
1329
5
19088
14982
14801
21659
26536
15346
12209
30673
5577
30601
831
24935
18050
20012
12590
32089
20399
12503
20180
4788
1788
24091
8656
3241
13988
5070
23279
23008
20351
2305
30801
22031
31803
17458
4807
29130
31209
8643
6784
3229
22972
7851
18149
13656
4110
15212
15809
17578
29860
2885
13733
1521
6195
17320
6027
25169
4899
24558
25529
16899
12690
11594
24040
6128
8348
21243
17574
19327
218
10950
6137
29867
552
32164
13125
7768
27820
30904
15983
743
15124
28291
14915
30472
10782
14427
11283
30415
24926
19481
11425
2315
6460
23059
24128
27859
25148
1866
3637
17761
29058
6116
1379
14372
5781
7644
19496
12560
15971
32760
25986
16697
10117
27899
17782
19360
11205
3868
1714
29772
17117
5048
9073
1437
8834
23364
13727
16350
8097
25989
573
18201
13545
19971
21512
9007
21129
27835
26965
1575
23355
28436
31040
19655
29313
32020
5125
28001
46
16084
25262
18672
3369
22065
2543
4708
23918
8389
13390
16441
27477
22038
1926
15438
10263
22028
2350
17909
9614
15273
13974
14918
3388
2036
21490
14010
2191
31030
14010
18933
32355
25193
3920
9954
18889
5870
30180
3589
19975
15998
16021
24845
3040
9571
22744
5289
7189
23784
15902
29853
13099
16398
13233
28181
4719
12416
25567
21561
2616
8137
4699
21249
29036
14533
28640
1099
13893
15701
20759
23339
27733
27735
19643
22914
31688
982
1275
17362
21994
13181
8224
18256
21225
4946
13423
17979
7387
29345
11089
15981
19458
4917
24497
32304
6223
9422
31654
6994
17446
5328
22866
24700
9313
1593
27402
9407
27031
1493
28342
16752
3742
20149
28795
6710
4174
13021
24728
27489
21128
31805
16526
21117
22135
23011
11140
17703
9750
11630
15849
27168
6387
19654
8283
2208
22066
3082
14792
493
14292
9162
19667
2347
29498
18295
1145
3446
10980
23
13300
2606
19839
7997
19935
12690
26143
24121
22172
9617
16841
32140
22003
13020
3636
30879
3067
16960
21968
8628
27966
29747
32008
14876
10776
6829
9412
23210
17760
1337
5683
16489
32330
21323
7111
20874
4492
16596
27521
28320
5568
8468
1646
25616
30474
31663
12658
4034
22010
4
27460
3869
19892
17082
954
2355
25934
31131
14407
26936
12409
10662
31170
7481
25444
31583
16232
11530
24029
10602
2853
15745
29114
15704
783
21473
26743
3777
17459
28057
3104
14483
21141
16431
14193
30889
19058
13687
12605
11680
14024
30728
22284
26342
12569
9200
23304
15123
11883
28583
6426
22653
7571
24898
18256
1030
15027
25577
1410
31289
15362
20875
4149
26262
15307
17616
6847
25897
953
18256
5292
16994
7505
12290
24161
27936
19392
17911
12543
20239
21207
31560
15754
32564
12116
21581
18251
710
9315
20239
15730
4160
16996
24320
6144
2228
19183
20714
31716
7010
5653
11046
27236
18313
23785
24078
32703
12413
3392
22708
1297
30714
2740
21973
22902
4792
239
29960
30322
19263
11046
29755
5009
26365
13539
7520
11594
8598
6152
15460
29481
29307
7185
12641
24878
20670
23193
29460
2160
26917
27935
5521
19205
31357
10251
10549
3878
19504
1772
1501
11663
29466
11780
22101
7973
22681
9478
30740
11739
14307
12062
806
11478
1437
25650
3689
31696
30121
28520
1020
22970
4927
5864
6645
19109
7999
28899
17234
5346
10437
27092
11571
6504
5118
5
7238
2935
827
22613
16002
19323
22084
4154
17688
26931
13295
28930
23206
4370
20977
26718
18862
26854
28403
27168
26440
8119
13033
8004
5651
13554
27039
1581
30065
15047
19348
26674
4340
6095
18700
18521
9235
3058
2913
12130
17954
31880
8346
30984
4737
19390
1342
1667
8467
16187
107
31313
25329
14852
1570
24886
14176
19869
5093
27778
19713
26226
15236
8594
9032
6005
20532
8857
16431
18695
27105
29857
28204
20252
12997
26316
5728
10906
13114
32480
2833
31235
4044
3842
22106
23892
28051
22722
24865
20781
28864
24920
1610
17713
2421
23341
26154
29104
730
18590
3647
12420
2157
15356
18718
23864
5529
22743
10924
112
907
31356
11409
19076
10561
9148
28394
8559
16867
7151
28990
17896
3415
23865
22452
21454
24336
14348
4227
8649
3878
20462
28073
17455
428
21885
1760
14116
14398
8624
30670
29702
8665
5727
20092
30216
7407
26630
15881
29212
24507
13510
27040
17943
15059
3244
23463
25359
27132
20278
32057
14088
26433
531
8663
22992
29767
1323
31578
296
19931
18399
2604
36
15821
25490
23992
21973
32513
16232
14623
3877
10179
8525
28717
1
3675
20538
4235
6078
23521
11187
11062
21685
16723
23701
21039
6961
741
782
7797
29580
19864
1517
21040
29588
2830
26396
27439
22323
10141
16746
14740
3152
32418
21390
20174
13808
24856
15465
22728
27297
27241
19596
15712
12824
6019
4346
2587
1561
21551
31535
3095
23191
29342
19041
9281
28957
16709
6661
11207
31596
13036
14741
31953
20838
19713
12689
29548
15914
20529
6596
31430
10369
20282
9416
31393
6777
10234
1228
14594
27727
4812
3477
1065
5778
15381
14275
14534
28550
7194
26966
30826
22471
277
10096
9276
6702
32647
5468
28653
760
15567
25808
8430
29221
18428
7023
19936
27935
29920
20882
12876
29596
28005
20040
27284
7109
27941
9372
11305
14744
23348
13846
19967
5515
13888
16004
13630
30322
1757
19705
31291
674
19482
19991
22950
15447
5720
2954
17925
7507
17500
17621
11616
5576
5794
17745
18238
29304
3316
7026
32465
28187
16956
21837
19822
29185
14999
26199
6464
18936
22442
6768
27708
20336
26425
14880
5975
20445
32757
17440
5623
12893
8342
24604
17832
8347
17706
28343
17937
14067
26285
23248
5414
32727
6361
4099
15263
15985
14911
14963
7592
19593
27287
13255
17370
4010
15189
16755
12394
18816
20093
2105
5280
18309
22455
22767
31371
13789
13222
14978
14068
6525
2422
21819
14224
13715
10932
9025
377
24610
9571
2656
29663
2541
15436
17160
8955
32151
14741
12441
24389
6664
20373
3805
15591
3091
31719
6358
12145
19285
8381
3259
3534
24160
18551
12605
4727
10777
18293
16398
11238
20574
12329
22948
12622
25068
19824
26171
20361
26496
5922
2073
16978
1597
21735
789
11700
17230
25421
15706
11202
10956
20248
15721
25225
24034
15066
18781
13891
19503
17091
2931
27598
7275
21177
24521
20316
2126
8875
12134
13163
12205
19747
31867
23544
9959
13339
1000
10735
17535
10258
6146
6887
29194
1375
6292
28940
1100
15300
11300
5980
24222
29766
7799
5655
26002
18748
2135
11120
1242
17575
9363
23689
19558
6337
30280
4766
26829
18137
9311
6273
31470
10333
11863
3142
4823
3641
24132
6463
20966
27231
7192
3627
30765
14247
1570
9130
24859
5082
29396
1780
13145
16393
16329
31947
18419
31524
4615
12462
3256
27336
27521
1104
26083
1623
14816
29512
21243
14414
17026
24330
23287
10707
4035
22294
934
27790
17276
12655
22606
30394
29386
1871
17300
9596
28433
27161
16539
14707
8256
25743
10096
400
21590
7237
6310
10280
10277
10069
19517
22087
27989
27221
18377
8520
12717
4742
16335
30370
19342
78
10355
31237
4032
13801
14672
2470
5234
7771
26792
23767
9595
16553
8637
28890
19942
13128
14974
14327
6830
25558
27750
16076
31430
1800
21666
15333
24668
17636
16242
15756
1887
30000
17105
27106
1343
42
27736
1327
1524
14201
1632
12919
23105
15204
14439
8782
15162
16450
1717
9196
26372
18481
30014
19588
31452
9483
20939
10450
11866
22166
26965
11508
21495
6395
11441
22138
17102
14202
2163
13504
3487
30555
29708
19324
11033
12072
31797
915
29529
24089
19601
7729
5806
22480
31885
24088
29087
22598
9100
23352
25135
5126
30785
13440
607
6297
32603
5109
27637
4417
3432
14593
27004
17386
8179
32013
14476
23133
20976
1618
16715
19383
28507
7403
26420
31257
27675
22063
22295
22690
16940
2623
30305
11674
31485
18395
22430
17648
26647
14970
22588
9959
20224
13977
19346
9996
3167
24659
22305
24427
29280
8242
25625
27650
26202
23109
18975
31350
432
7026
5965
517
14837
12558
6522
14268
21587
24235
3260
4842
10285
9777
4908
30164
29955
22065
23017
20138
20374
21109
3936
17594
27213
19164
3786
17892
15576
21605
25845
2126
20243
6281
4680
21593
11053
3790
11778
10963
15113
29849
20162
7022
5348
30531
23628
24432
31545
17520
11914
3245
5089
29852
7633
29874
6783
1015
26726
1092
4635
19827
4417
14089
14861
15387
7184
29572
18973
9894
19071
25415
14824
2380
16055
7011
6022
4568
10020
10532
12649
12799
22396
22267
6024
11248
29437
15804
14269
19756
3062
30217
6508
19352
23688
32270
31846
30928
31918
10096
24333
16319
14715
8575
12216
8301
29091
29619
11609
7703
6973
31830
15197
21381
22215
18302
11475
8600
13163
21054
19153
11299
2176
3613
6675
6395
2132
14535
9190
17746
28713
23555
17988
25920
31101
2533
20289
16803
28815
10565
26534
2089
5150
26224
4315
25003
8820
7196
14858
17085
14243
18594
12417
10883
24847
25447
28504
17350
2604
9883
4692
7238
9865
8487
28684
26194
15630
9440
8010
30871
14466
25857
27572
54
8527
22744
32172
6425
9354
14015
14708
16518
3118
6990
6550
22004
3240
12495
2179
7710
2969
27378
32122
31831
17367
10947
24747
22045
27317
24280
31389
21744
14980
29647
29389
31333
1625
10488
8600
14966
15121
7502
14682
4124
29075
10412
2776
16416
30293
21821
26843
15917
27170
3381
28446
26667
24602
20670
12394
3016
7418
2101
4096
27223
23453
18071
18999
11998
15043
4150
28774
2666
14354
31153
23556
27302
23642
13090
23822
32428
32029
21401
10153
32283
14159
30922
17673
26218
1882
3842
2961
8828
8805
21856
25148
20596
29910
29249
21307
6602
27157
11260
12768
20895
24979
6608
22458
19789
29964
24858
15618
11075
29705
21195
28725
31760
14504
32026
12547
445
14751
1398
12904
31072
32127
24255
18457
8942
21302
12213
801
31569
29656
32177
460
23738
29087
28563
30404
31033
6192
15611
11130
25483
8735
7612
455
6707
26550
19853
14548
18636
27378
30722
31031
13213
25807
8379
27742
366
14277
23516
25393
22426
27539
27324
20467
31846
5691
4322
5993
29585
22094
13613
32063
18732
17001
9042
12199
32428
29184
396
13891
20030
858
20110
18501
14426
17117
31677
19925
3995
22412
30620
4275
30414
6350
15495
24605
1353
29041
14245
11251
1406
29678
7192
23321
463
1007
30326
24861
5028
14606
5245
22297
10427
24288
5378
7131
12992
13874
13355
16196
29982
23442
10206
15598
25876
30482
8313
18961
20491
6472
16836
15016
15399
27033
10276
16847
14108
2488
19985
4464
1859
21097
26057
7454
29421
19851
31558
1089
4599
4437
29294
26484
23966
24800
13707
11563
29333
13797
10234
31129
14677
6089
12583
24017
26805
25558
29625
555
5818
27340
1289
20457
19376
1944
14553
24090
19321
4963
21827
9663
2342
23246
17135
16685
30916
30844
3465
15026
13176
14546
18546
11899
8655
27386
11190
17333
8271
17198
32063
16627
21074
12851
6728
16336
5908
22051
13588
17365
21770
26736
6879
14493
3957
19750
5653
6966
31288
10096
16578
21195
32742
5982
23369
31872
28192
1253
31578
11934
15390
7208
10014
30448
8075
24309
12468
6253
25494
28563
26081
19478
13894
30907
26627
2338
24589
22244
16455
6233
6561
26308
1052
30398
29703
7443
7656
19312
1776
19346
3577
29906
22857
14156
14270
28906
14350
25627
3895
9479
28511
14703
15018
18599
6613
25675
31896
30615
31254
6800
31215
12124
4775
9086
12417
15314
28674
18808
12725
22291
22761
6407
30076
154
22777
4386
22919
20393
22914
10413
8376
17639
15510
19775
1750
24398
11872
16168
15492
30788
8375
28339
24436
11016
9459
16040
17112
19280
6144
20501
7193
12081
21681
15182
26572
20542
24662
23091
6882
2036
17808
1969
29726
27478
4452
30860
461
2516
9871
4443
12209
4977
23321
24020
28990
10789
5165
3401
23561
25216
21544
6259
18045
14225
28400
29807
16079
30214
22663
30470
28213
25236
16864
20529
15443
8090
30705
15580
18166
5633
14601
22251
517
25958
29796
9851
5045
8059
10237
22634
16635
21162
20643
15897
32327
10236
8271
31344
30831
6202
28341
35
10729
31826
6169
17716
20542
31995
15972
20410
21947
9628
8311
32736
874
7786
31679
15152
3905
20945
11273
23826
23192
278
32152
4239
29921
3130
25973
30555
13971
28961
5127
16915
2151
17908
5603
7619
10951
12995
30437
6827
4483
11887
7040
28739
10183
711
17490
17020
4170
23537
28668
19529
13767
26380
3888
4958
16305
17427
16140
2359
16163
20228
32166
15709
10262
1090
3304
1253
27350
1080
30622
15161
16823
31296
27853
27
1795
27331
25926
5862
10040
11425
18300
19223
880
4563
32147
32269
22561
847
12729
16909
31750
5163
9401
9865
2909
20486
21197
6562
21331
18596
23220
747
4541
9944
23301
31600
23816
17063
14787
18167
18547
1706
2609
29317
6267
8884
1256
15396
7063
20917
17958
10212
31526
14046
18025
26144
6310
5638
16701
28418
19238
27469
32338
30537
4350
9727
12497
8778
2493
2747
24816
5429
19555
212
5061
20378
28113
20215
9559
27948
19325
2830
2299
13508
28266
16741
25566
6313
6744
5899
13790
3086
23864
27516
1182
20956
13026
15740
15577
10418
4362
22342
15862
30762
28528
1510
17373
25439
8280
24548
8970
25772
3386
24354
2783
22198
11194
20999
16959
3756
16090
26589
4696
27597
14447
23672
21440
43
20178
1817
20932
13999
6871
20626
30717
6750
20995
21674
32292
8922
28921
12994
1574
10796
27190
20921
24699
28608
11518
6926
27316
19633
6294
28996
15444
32072
12212
25995
5601
9151
8244
28828
17979
26698
29452
13029
31276
23128
30850
32742
10815
30485
17565
14555
6870
31028
20441
15003
8823
21997
4126
25280
10855
2881
7667
28680
7546
9093
14832
16891
14633
4638
18033
15310
29925
19850
2450
20104
29611
19104
19287
28259
13273
15640
9258
30581
28992
16717
3979
17807
28026
21314
5891
870
4733
14051
10585
29936
9073
13710
29193
16657
28607
21714
17650
32375
15467
27255
29263
1987
22435
12734
5864
23273
2712
17897
15498
2009
23948
9726
24244
29279
25132
9673
10131
27463
30753
28704
31024
25798
16354
32363
5865
17941
12236
10595
798
8799
32628
14105
25900
22237
23868
2618
2975
21568
8740
22162
24227
5967
30691
32464
22204
5329
9527
32649
19383
7341
29817
2943
12257
30800
26740
15650
2934
18511
13175
343
19548
25933
9385
8057
15889
18464
32669
669
15843
15663
29222
10267
32607
26398
7277
22346
29963
21678
24384
1674
12632
11742
25773
4488
21458
15447
5840
9405
22170
21254
30953
568
20502
22795
5809
926
31975
31698
32239
32111
9755
19583
30278
26506
14244
19600
27473
28404
6921
11709
15602
21717
10844
18723
27110
16067
20332
4514
18589
23619
9019
1412
16969
1421
8627
25439
17462
14224
17812
9788
23385
4406
8369
3320
11819
13801
17500
12523
18616
14678
3615
28616
28402
30833
11437
11460
26956
953
28951
11515
32644
32445
16451
4879
5568
6367
14491
15890
8157
856
24578
4006
24324
2172
28172
23906
7550
10303
1646
4472
23753
24057
30643
16021
10731
29542
21041
11017
3078
1265
27452
5928
16685
6962
8345
17136
15734
32181
28725
30444
8272
8957
14359
5207
5143
25032
12948
28805
19430
18325
706
32639
5037
14436
25903
4590
9859
15293
22738
10810
16189
6899
21569
11506
5951
13482
23333
28783
18322
10647
2027
28596
16439
18055
23997
9369
18875
20387
30385
19753
17676
4338
25152
8264
7563
22559
18425
13721
8546
15229
8822
9374
13336
21064
9872
7969
3939
16942
10959
2771
1597
17933
8996
24116
32313
4607
1243
17586
4888
14484
9931
19989
6295
30046
29136
11546
28300
179
30075
18782
23345
20654
13575
10366
24512
27511
16527
29309
15168
11972
28287
5478
3998
12448
18761
19506
23807
7532
1369
3307
18261
14115
4938
8722
23088
23010
8794
29503
16088
10663
10011
16647
6296
19800
14956
22562
31580
23304
25768
32717
12415
22903
10525
10094
15838
31447
26048
6007
25393
29910
23326
10636
411
6616
28822
19432
8575
6020
2246
21501
2710
32387
31299
25690
8766
30596
141
27090
1045
18820
14658
29659
2247
5452
401
27700
12068
27195
18418
29131
7030
6213
9748
23261
8465
25404
22295
8799
2603
31566
24060
17565
4590
24272
28762
20257
17612
2362
31058
10198
15123
4978
18628
20333
25025
10573
17091
8960
17817
30803
9031
24821
5238
31682
10786
29990
18656
18902
17206
20542
13277
17992
32484
20070
22793
24084
28360
28962
20713
12416
15011
28789
9597
18778
408
26444
23828
20609
23452
7962
10084
21159
3880
16063
24794
1876
20272
24750
24623
14382
5465
21583
16956
11641
27751
3746
10255
17370
16116
3622
6974
3936
32360
13817
3195
12228
13861
25664
8297
14832
24322
18377
16047
23231
1787
14575
5962
5892
8487
6590
4647
19661
4586
344
23793
23017
19307
13975
2856
2983
3656
15860
31859
15329
8841
32424
32055
16185
7379
17169
21864
2211
990
6230
14751
9764
27177
20814
21101
31449
20461
12446
19952
23098
24911
32290
12195
26784
25817
2959
21114
25861
28203
27734
20783
16395
10478
25803
18646
9280
20490
21638
10680
21409
9497
8201
2654
32349
31771
23972
12524
30427
12139
18838
18097
26365
4082
17781
27131
27303
9626
26320
4656
13179
21509
22802
31258
6631
14208
5801
1155
16226
20018
15720
20226
9714
16793
554
26388
24818
25656
1977
21870
17170
14217
7406
29586
11679
3641
9753
16289
25861
7828
13730
8816
3730
6463
6129
23517
15228
6181
22156
2404
9510
31155
30335
31469
32415
31816
30209
18920
32619
11751
19796
26268
2951
1072
30445
4028
7335
12430
17109
26684
20674
1201
31055
8034
16848
31551
4283
24352
2771
14534
31418
29857
7700
6390
19603
26402
20655
7181
18134
28931
16209
18578
63
3870
28737
21830
14300
6743
22173
12120
4722
8052
6887
12504
18206
26928
19648
7022
32568
28810
25074
11084
28028
10083
9908
22113
24684
20808
810
3023
21488
24205
14892
1952
17984
32155
1352
3764
21507
22154
12810
9982
24505
9459
9338
8177
18518
9215
25319
32564
29487
196
3811
9629
11546
18130
28559
16477
9937
31496
28953
23160
4248
22701
15746
8825
6432
25788
21157
14435
21418
19326
14709
6122
18799
15454
17030
29411
14912
14330
27599
4090
20586
1142
21422
419
19420
15381
23852
18771
26764
10762
27011
15087
1046
27019
19165
13445
18086
31528
21599
32314
21273
17499
11110
26243
16991
11616
15888
28312
28196
20806
767
6950
20143
29767
26201
15684
28682
13397
2067
18345
16995
10229
12144
1052
18866
24400
6084
15659
28828
31623
31358
12320
663
20552
31333
23345
4432
17311
21538
31735
18762
24590
30719
21026
31175
19679
28910
31338
21483
8377
15565
30153
9503
17010
31208
12519
4276
19492
3520
8150
3272
9347
10507
16895
9838
17005
19707
8796
20745
20163
13763
10216
17657
6264
20056
19028
12666
3815
4468
32508
17864
13930
31713
29209
21896
19240
29684
24632
7267
1582
19032
9195
25844
14530
14348
19390
5860
12787
32175
19564
28755
8821
2044
9043
28282
29356
15761
32038
10639
16135
23028
13538
10217
28303
31191
16131
27749
6080
15515
21751
17416
10135
7956
29907
5862
32492
29580
2373
16450
31234
6922
19913
12790
5725
25556
17184
26390
10963
12594
18431
27088
26086
20597
10756
28822
1617
7992
17133
22144
481
26342
30220
29419
3718
4476
8694
5223
16810
7056
23164
8912
14785
26515
32476
11450
1570
22099
56
25618
16661
18627
27718
19971
4141
28415
4170
10775
32472
2187
18497
21663
26420
31195
20063
10324
23844
23321
7868
9022
20388
25634
17227
21205
21593
22994
7179
19303
20844
24705
30593
11961
31129
22477
3941
1521
20099
9114
15772
29363
7499
1624
32102
31627
10592
28805
3289
30603
31129
26994
17038
23861
31617
30025
27546
30875
28914
7247
17855
19652
23525
30567
27108
9298
23688
26072
15043
5474
13713
20559
11234
31924
27346
7464
29892
13324
11790
14825
1120
2007
3596
24079
18642
12306
7145
27406
8017
20584
31410
3475
97
17306
3379
1036
15433
13860
13833
11882
23496
21534
24063
19237
30980
3680
13463
1409
9411
15081
24294
14609
11229
5250
2213
3705
20722
23966
2950
21879
20056
10885
8388
16421
13399
5809
20734
25464
30617
27000
5701
8461
17372
28140
25716
24101
26346
512
3007
11246
26571
8428
10639
17668
7737
27858
7054
1079
24148
31649
10493
14479
3223
27450
22094
31373
11787
209
5871
26292
18618
22422
20836
24904
10343
25237
27032
18262
23420
17883
17781
12532
31812
19163
32690
10442
6746
29712
15596
31953
22626
29667
22265
3163
4598
2766
21113
14164
7651
4290
21165
21191
150
11718
32653
18083
8913
1506
4628
14528
24739
23611
31455
26909
1174
29055
22262
9068
810
8579
9962
27088
2690
1067
31776
15589
14942
5515
4204
9473
6217
10571
31713
24761
5140
11600
31976
23719
12418
32664
1680
22635
9285
23398
2341
23792
1833
8608
10500
26609
24464
117
22445
28859
9246
15938
794
10804
1461
11191
20304
9756
5540
310
3635
15763
7195
11131
27038
25307
13027
19330
29619
16480
30795
28069
4464
18677
28262
15366
29571
7521
23155
12332
4448
27418
14493
2033
23184
10320
6117
411
4684
20781
29276
9033
2378
2652
21909
4497
10711
19656
28506
14695
2598
32422
21150
20800
30952
7605
2227
30072
14364
24260
17085
25585
23081
26230
16231
6910
29994
32578
14548
24447
8329
28861
28377
28237
28879
23580
8553
23768
26042
16884
3920
27918
32401
5445
19748
22655
26804
32695
2169
22207
31863
15139
2901
25356
31792
9301
5092
1329
18831
27409
21612
8618
1326
851
12162
5385
19561
15323
1151
7833
2416
7657
8238
24128
2458
31302
9671
27050
19965
18307
1057
15523
19003
13701
19235
2245
1438
6722
30076
10324
21096
7109
31379
14438
3940
15224
15553
7751
10177
9890
10175
31771
17696
28719
4954
22725
26604
6064
15982
32520
23018
418
30225
22508
12049
17651
15631
17508
18587
29122
1943
14893
3676
13671
24371
10233
21075
32691
765
25805
4735
3448
22545
11944
3315
31820
15934
31845
23085
19339
7425
9954
420
28315
15539
11618
15520
21620
16385
6448
23374
2143
20893
17542
20
20477
23091
2220
9506
27276
21151
5988
8266
21862
1629
902
6417
14794
23104
15592
9478
26591
27495
896
32338
758
6766
5581
2193
17168
22241
7794
6112
28576
16118
9509
11831
30610
26491
1735
8954
19083
24589
14548
26826
22387
18315
23550
26017
21553
1226
25109
4382
12981
30602
19242
19741
26428
13737
15860
11403
25551
10391
32627
7289
27917
7946
3538
9070
11307
9971
25234
11010
8761
17328
8165
1960
24743
21635
11608
13004
11015
16195
1973
27422
26132
13137
18472
12077
30708
6350
9888
17975
32186
11
31608
19263
31279
9537
1111
28257
25042
23683
28757
24675
10269
31216
30559
7308
12810
2605
220
1209
20950
28435
7568
941
12293
13476
22721
10665
17830
12868
9369
30524
19416
19494
26060
19037
17549
26884
25211
8631
142
28691
6231
10820
18112
25398
15881
19229
165
26993
29650
9105
4133
23969
26478
12148
12943
13675
28479
1465
5339
21619
24743
25924
32050
8142
9654
1017
11696
26041
22021
21529
25704
28043
22241
13262
7336
17384
18092
15108
30079
5944
14209
7035
24957
14423
32023
18202
954
5006
4584
20615
24089
13763
22418
14836
13518
12780
13949
9788
19230
31434
24766
8238
23910
1235
15419
27688
31839
17520
14352
6121
11680
23656
4402
15520
30053
4252
19026
10056
11662
20726
23301
23352
19947
28828
23073
8950
2486
23913
10090
9037
26209
27549
22638
9375
12179
2515
27821
1660
27757
28980
3325
4466
14865
9707
23085
6951
12133
23512
3817
12454
11796
5001
30941
15095
17622
870
3358
20978
1778
8491
7109
12628
32001
24476
26333
1043
4852
29812
8319
31215
10072
15006
5179
23370
8153
1191
32698
3897
9989
29556
24226
18395
30547
9520
11706
18666
22372
20617
26959
31887
11144
8220
19158
19067
16516
25133
2514
25907
13203
24732
9208
427
7082
29972
28817
11543
22528
11654
801
13566
10190
5334
8518
21904
28499
29652
20450
8761
19996
7789
15228
23670
27266
8483
32740
11496
5748
25274
4886
29351
12663
3636
22369
7384
27626
22784
6345
17026
20367
31087
31145
27805
12615
24935
4765
18028
28701
4443
18846
10253
9606
6010
9327
12111
10983
3879
6713
23235
6232
13482
10354
23318
8360
24869
12034
3741
28321
713
22441
23346
26509
25929
3227
23103
30457
24207
17006
2840
18360
13231
6454
32654
3627
18969
6383
14017
18368
30994
3355
6709
5049
3941
17323
20776
2351
24917
13091
24099
11862
29399
19450
15056
29954
4606
31039
26123
24682
30135
5251
6203
14380
13494
20722
4579
27794
10416
25027
14452
4116
4555
24531
30054
2590
3667
12940
2950
26387
15022
12
22162
27025
3474
26755
10499
16631
17525
4317
15402
2340
29765
16546
26238
30594
4698
5914
3125
22852
2473
7092
32273
18155
12346
11688
14973
12559
12508
5852
17624
10844
15639
17925
1809
4827
7010
29710
29044
2162
26006
14525
19651
16559
2979
21140
29321
12225
28289
9717
24491
8391
10090
14218
21824
9038
20295
9700
31650
29204
23144
26210
15301
14098
23671
18773
17096
20666
18607
2401
25546
31870
585
27175
19455
2705
20791
10784
15619
32497
3861
19404
16750
17317
8285
31245
4008
20547
3546
3021
3839
27318
21087
27367
13046
25918
12472
25157
8416
32184
9697
5958
21422
16928
19318
12898
12806
7764
15979
31504
19093
30491
24061
27367
10917
30309
30440
31748
754
27861
11995
13997
3769
27772
17449
16947
28947
232
30145
32029
31873
10333
10080
24706
6344
29282
5637
12983
15103
26495
12454
19755
9190
7750
26913
31118
22649
8592
4469
10809
2245
3081
6450
4554
22779
31983
16174
24078
16579
18966
2938
6693
29906
4912
9620
31712
3775
6731
23262
8302
26386
1435
26959
31800
21919
28282
25193
521
19474
25005
14955
17778
32458
13545
22471
7277
4075
21909
14038
1088
28846
29906
30155
19876
27900
13497
23782
21543
5436
15075
14058
17615
31337
19503
3536
14336
28775
21951
8125
8863
19095
1860
8242
25208
18089
25212
6530
27101
6577
25593
650
20112
21373
10531
23708
16356
3110
14208
28092
10270
4070
18739
27407
32033
32041
17091
10128
1099
2279
13854
6917
3482
23856
5854
21810
27155
17929
970
12620
8548
8310
18848
23984
10952
16344
786
3029
11563
15737
31246
23679
2703
26214
11842
23606
15022
15229
9440
9207
14560
14278
26014
29225
2368
20743
18690
20434
6410
26258
31708
5643
32328
4706
23572
26546
23214
4198
4773
29534
26050
12317
3818
4504
25152
1123
18201
4936
700
17803
25101
21613
393
6573
11848
26385
28634
14145
2616
27261
39
5613
8633
25257
20434
8604
9436
9206
29707
9168
23526
10015
19953
22329
15516
22893
27129
22918
25790
15659
28308
28539
7634
28250
24076
20292
20002
24486
12207
25865
31496
25496
1072
17858
16489
22028
31050
17485
24960
31206
24742
23741
22237
24321
24063
27126
32173
25704
12420
22903
19515
10953
11134
20854
12215
2854
8754
32050
30519
26062
19209
29573
28667
23948
24046
27576
5877
21278
29176
13468
904
13544
24137
8662
28561
30442
8758
25467
164
18160
6312
31709
13976
20744
31425
18340
9029
10297
30147
19488
20364
10098
22574
16349
29080
24257
6697
376
22628
24773
17699
28850
12413
1126
32442
24003
1546
28355
15068
753
10249
31084
22828
15456
20699
18642
12711
29228
14339
9980
21639
26805
28971
30331
359
27450
15463
20895
6569
1194
11198
10731
4629
15030
16871
31687
10178
32555
28240
27253
23610
19327
2661
22598
31961
6825
15374
20238
14710
13622
24953
19669
3654
922
27163
18639
1276
23236
16625
1167
4405
30453
11276
32119
3092
6353
17740
4723
4905
30903
28780
12775
20120
1102
29246
9189
25207
6752
3384
17572
3959
14572
18224
17197
18119
20854
15460
14424
13621
14242
9149
10743
2455
24065
26709
20049
31337
21803
31798
9170
20151
16654
18533
12544
28222
14469
24095
177
15566
17197
19810
11899
17650
26996
17583
5997
30163
2802
24079
764
30810
28413
15700
22592
24469
17271
25505
13153
14428
32235
23596
28492
15412
21208
9795
30634
11123
14157
141
30482
4773
8374
31123
13693
32559
30454
27006
15099
26418
27830
14626
2725
18610
12796
6716
2515
17400
13567
5368
26511
13620
25914
3767
6217
4455
11455
11790
14796
2688
5070
16402
29552
16069
17062
723
9873
30581
21915
31014
833
15020
14185
11176
21818
13446
30152
31487
7446
15239
17472
26467
18883
29755
8511
29022
9777
22553
20841
30671
20301
9133
9519
14133
17971
28663
15523
20010
29343
31502
15754
27438
10661
25608
12211
1958
3235
24094
29576
21540
21619
7948
1763
14825
23781
3255
3107
5545
1132
28178
18302
3982
13335
9026
1689
13439
9155
10497
9813
13473
11920
27456
10988
27422
19345
11024
7742
4902
32456
31682
10341
20020
22097
6989
5775
24467
18397
10737
17421
16672
610
1306
6567
30033
2065
18823
5939
14966
9353
16555
7014
831
4938
15700
24041
22655
27244
11146
20399
2095
7569
22458
21895
17846
11544
12564
4333
8040
21907
2865
11046
27980
21371
8953
22156
7458
3875
27332
31270
32676
17643
25023
15227
31501
32182
31378
23208
18136
27550
21823
5297
5322
32486
20557
21
19250
18223
13607
6053
13424
29935
959
26517
18356
3872
8566
4308
28424
12597
28480
5785
28305
25938
2819
10815
20753
28348
16449
26962
32177
6287
27639
16874
23294
23727
22469
28983
9009
30464
20558
20574
19891
14554
31458
25475
12768
12471
11867
24359
18188
31279
21316
6069
9667
18983
3905
3927
11861
2885
16298
5646
30866
7847
1914
12290
28883
5332
29800
13847
17978
29426
32595
25792
3642
22586
27619
19736
16729
6058
19310
23599
30004
6649
10008
27809
30660
7120
5439
5742
12257
7223
15894
12549
26372
3918
5007
15266
24657
10557
16511
8154
24789
21869
4861
629
3340
11769
26122
5755
16294
1887
20088
9873
15754
25724
3844
18566
27420
26295
6086
28458
26299
3708
5323
20063
11406
24556
20480
17778
10113
16338
27217
17323
21386
7385
12307
23330
21809
14589
3231
30165
10831
10048
24896
24824
22550
20894
17232
8844
14929
6978
26013
19763
22509
29434
12562
17987
24761
27113
20627
12825
14442
8828
13352
31408
13026
11167
20318
9330
26034
7216
5866
25933
13021
691
400
12810
28895
32072
4163
13786
21485
3547
8590
26674
31871
32411
5170
13529
20236
27309
32017
27200
30996
16161
29770
25105
18276
18469
15782
6154
12694
7800
20531
8972
16087
2338
302
17519
10221
10083
22054
409
23160
30441
16991
31695
16759
2629
21365
31306
30479
928
4417
23182
17288
10154
5376
23287
3481
7380
7090
29589
8165
10943
6081
12602
26565
3572
1507
18128
4424
13269
2369
18672
9336
29396
4825
18353
2015
4834
6177
15038
3146
14890
7405
29612
26061
4608
5266
2698
13831
14356
24140
30905
2983
20460
24797
22014
31535
18577
2423
27605
13561
10888
12764
4872
15479
515
12740
3969
9406
14681
8063
24156
30278
30644
987
10817
8683
22537
1352
23025
9528
3150
20026
27934
17381
16615
13007
7040
31390
21601
22962
27173
3847
14178
27711
11017
24828
2272
4584
6886
24861
17042
15063
4429
20618
2468
32212
30454
11755
30639
3434
30293
29620
28648
2117
6765
2983
21656
10463
20457
7066
12492
6236
31849
3962
10829
26802
8218
1168
20434
31244
13705
31235
6005
20337
17337
27294
8548
5792
22131
13268
4825
26431
20701
28161
7500
32053
20046
6643
1511
29269
1377
18345
16698
15164
24904
6746
30512
27516
17763
19898
833
1274
12049
8312
17642
22164
10695
18443
21594
11783
18783
20910
28527
24848
7858
5289
13024
29138
23144
6611
29628
21112
4623
7253
19731
3099
23403
1968
13810
19686
12813
5890
13205
8568
23335
31109
31705
23945
15263
8280
7152
30673
21602
6530
30552
23845
22779
7220
13070
32484
5220
10830
24831
8337
4124
27429
32703
10433
12665
9091
8829
31032
16704
28400
21815
4687
4467
7728
4394
1433
13674
24333
21901
31685
37
4439
14462
20934
15585
27944
1085
4402
21993
24172
13464
18408
23983
14753
26790
758
11803
11740
7352
28858
4643
6157
16525
28231
11676
7043
32197
1033
5968
9139
17048
5549
22864
13109
25800
18747
19340
9231
28884
27013
31904
15670
31087
18373
7409
16722
31536
24706
8185
23234
10379
18355
2015
2272
12800
8231
3915
29318
24210
8740
9592
16849
2171
30031
28811
27940
21022
25035
18979
4464
10045
7333
27185
16819
24172
13168
13322
28607
3782
23340
22970
21053
28126
9837
18843
27633
18937
26297
6695
6208
29818
15665
26635
16623
12445
7795
23164
8493
31336
19904
16846
14804
14815
4954
1091
23276
13944
12848
19745
26225
24270
24765
12807
12373
14489
18734
17024
8137
3294
21699
13785
30137
9315
18039
11056
23701
10342
26851
12238
9559
31630
21344
32695
21954
7970
2668
13438
27623
30841
32591
22110
31470
2738
13054
903
1299
30885
63
8630
14063
25368
20750
19976
26617
30519
17215
32528
1100
16702
102
3367
17323
6009
19700
5379
20930
12654
4770
26764
19374
16217
27155
490
14016
5592
26548
11491
21630
16872
12264
23140
30699
6416
5730
21085
16393
6620
19665
14290
23451
12429
25795
4912
14895
13327
10435
22237
20060
12075
4293
4626
17737
18942
21957
17901
22382
26538
26794
4290
5791
19531
20592
9139
23878
24365
13190
13952
17136
23868
4213
28064
14859
4027
27075
26256
15085
23353
26903
24171
8217
15041
15773
9915
6078
31570
14764
23694
20097
19342
29607
5581
14204
29622
28193
30922
5511
18902
2884
29208
10678
13885
20339
31903
11043
23600
14126
12271
27629
15072
9270
2261
20352
23193
9714
8236
30231
23099
8466
17398
16768
28910
6770
9900
5919
14354
10561
6354
822
20853
21602
205
8548
15817
24338
1273
28267
30549
18636
7159
26422
9450
1129
30532
6426
31001
10892
31760
1884
4515
11069
15949
2547
27441
17108
12806
2448
15685
13849
1778
15580
21105
6569
25161
19200
12487
10396
27350
30571
9872
28260
23374
15055
3905
18424
3808
28013
25770
51
15373
26259
28785
2934
20922
13667
12735
9877
10883
22229
19257
23793
2643
3328
3378
14817
6705
15253
28702
10583
22109
28076
4938
19392
8860
26819
5067
16683
30928
28931
20405
12206
26059
8902
27021
2309
18533
1367
8192
21373
1740
15096
19924
31249
11804
29226
9760
26578
12336
31784
184
29324
13239
11445
19180
22694
10890
26391
28786
22090
8765
31844
20640
5574
755
16124
5086
32562
12407
28503
30044
11091
16777
26113
21760
32192
16758
7906
9635
10819
12268
2499
2940
10626
13067
17422
16092
24799
12223
8149
1820
412
15438
7190
25044
25411
8493
12862
10830
23877
23576
7403
21819
25569
22881
31734
5284
27719
22409
31153
30755
23550
10509
21869
23890
1923
18562
30528
17540
1075
29412
28933
23987
20842
15404
4259
25018
7405
21024
26515
3012
9861
24943
27548
18181
1773
20733
5345
25768
24046
18300
7454
28168
11209
12092
17455
26402
22997
11332
15826
5451
13929
14497
11437
7710
26620
23294
20115
4793
7051
11125
15875
15145
29244
6821
27889
13858
29248
12037
15561
16627
32509
11383
22450
15290
7277
23073
12048
15828
449
23160
17228
20120
16203
18845
6359
5701
31642
5613
32364
6968
3047
18132
2198
24419
27568
9697
26227
29178
22434
32288
29623
18799
4028
26020
11251
31137
1202
17763
25368
6737
29839
4935
26423
29141
15007
29313
28554
14352
22156
11809
31928
1441
28359
16867
3669
17243
21033
25932
20904
11765
15579
19702
